.\photos\astonished\P3301333.JPG
1,198,143,77,39
2,317,137,83,41
3,247,286,106,88
3
.\data1\01.csv
.\photos\astonished\P3301341.JPG
1,226,128,54,32
2,321,122,58,42
3,257,233,87,50
3
.\data1\02.csv
.\photos\astonished\P3301344.JPG
1,234,155,60,24
2,325,150,56,22
3,278,245,70,46
3
.\data1\03.csv
.\photos\astonished\P3301348.JPG
1,235,135,52,28
2,321,129,50,32
3,274,223,68,40
3
.\data1\04.csv
.\photos\astonished\P3301352.JPG
1,238,140,66,34
2,341,136,67,44
3,280,250,80,40
3
.\data1\05.csv
.\photos\astonished\P3301356.JPG
1,264,130,61,25
2,367,136,55,27
3,297,220,88,45
3
.\data1\06.csv
.\photos\astonished\P3301363.JPG
1,247,150,61,32
2,341,145,73,45
3,284,260,80,46
3
.\data1\07.csv
.\photos\astonished\P3301367.JPG
1,261,150,52,36
2,354,159,51,34
3,287,260,72,64
3
.\data1\08.csv
.\photos\astonished\P4041372.JPG
1,218,158,52,35
2,306,150,67,31
3,260,263,95,45
3
.\data1\09.csv
.\photos\astonished\P4041378.JPG
1,221,147,79,36
2,325,137,70,43
3,259,257,115,70
3
.\data1\10.csv
.\photos\astonished\P4041382.JPG
1,237,128,73,38
2,349,129,74,40
3,278,250,93,87
3
.\data1\11.csv
.\photos\astonished\P4041387.JPG
1,220,96,64,37
2,328,97,58,29
3,281,198,79,66
3
.\data1\12.csv
.\photos\astonished\P4041392.JPG
1,256,134,58,41
2,336,144,61,39
3,285,240,77,56
3
.\data1\13.csv
.\photos\astonished\P4041412.JPG
1,240,148,56,26
2,325,141,56,34
3,276,247,78,44
3
.\data1\14.csv
.\photos\astonished\photo 2(5).JPG
1,225,140,70,42
2,332,129,70,62
3,258,273,109,70
3
.\data1\15.csv
.\photos\astonished\photo 2(6).JPG
1,226,210,74,38
2,335,185,61,45
3,279,315,103,65
3
.\data1\16.csv
.\photos\astonished\photo 2(7).JPG
1,254,157,72,46
2,363,155,66,53
3,297,291,91,85
3
.\data1\17.csv
.\photos\astonished\photo 4(2).JPG
1,270,170,62,37
2,359,183,58,41
3,279,269,79,83
3
.\data1\18.csv
.\photos\astonished\photo 4(3).JPG
1,250,186,59,32
2,341,188,56,38
3,279,276,86,63
3
.\data1\19.csv
.\photos\astonished\photo 4(4).JPG
1,231,157,74,49
2,328,151,73,57
3,274,286,102,62
3
.\data1\20.csv
.\photos\astonished\photo 4.JPG
1,239,173,63,37
2,331,166,58,41
3,281,279,86,68
3
.\data1\21.csv
.\photos\astonished\photo_artem4.JPG
1,273,143,41,29
2,335,145,38,27
3,295,216,57,38
3
.\data1\22.csv
.\photos\astonished\photo_ian2.JPG
1,232,183,67,39
2,337,185,63,46
3,269,306,98,76
3
.\data1\23.csv
.\photos\astonished\photo_mike3.JPG
1,227,162,55,36
2,325,153,60,46
3,260,278,90,86
3
.\data1\24.csv
.\photos\relaxed\P3301332.JPG
1,211,145,75,37
2,331,143,77,35
3,261,283,111,47
2
.\data1\25.csv
.\photos\relaxed\P3301339.JPG
1,250,160,56,31
2,344,163,58,35
3,272,270,86,38
2
.\data1\26.csv
.\photos\relaxed\P3301343.JPG
1,234,158,67,28
2,325,152,58,25
3,279,248,71,39
2
.\data1\27.csv
.\photos\relaxed\P3301347.JPG
1,224,141,56,28
2,306,137,55,29
3,251,222,83,36
2
.\data1\28.csv
.\photos\relaxed\P3301351.JPG
1,227,127,66,36
2,323,121,73,45
3,262,230,89,37
2
.\data1\29.csv
.\photos\relaxed\P3301355.JPG
1,237,148,64,25
2,338,145,65,31
3,266,234,98,35
2
.\data1\30.csv
.\photos\relaxed\P3301362.JPG
1,223,135,70,37
2,329,134,72,38
3,271,247,88,42
2
.\data1\31.csv
.\photos\relaxed\P3301366.JPG
1,253,168,57,31
2,349,173,53,35
3,277,271,86,40
2
.\data1\32.csv
.\photos\relaxed\P4041371.JPG
1,239,165,61,32
2,341,164,66,34
3,275,259,99,46
2
.\data1\33.csv
.\photos\relaxed\P4041377.JPG
1,223,162,74,37
2,322,154,78,39
3,267,263,99,51
2
.\data1\34.csv
.\photos\relaxed\P4041381.JPG
1,249,118,81,42
2,364,129,61,50
3,276,237,102,55
2
.\data1\35.csv
.\photos\relaxed\P4041391.JPG
1,271,151,61,41
2,353,161,61,49
3,286,240,86,53
2
.\data1\36.csv
.\photos\relaxed\P4041403.JPG
1,226,172,72,40
2,333,171,65,44
3,261,286,97,47
2
.\data1\37.csv
.\photos\relaxed\P4041407.JPG
1,250,150,52,28
2,327,141,55,36
3,276,240,82,35
2
.\data1\38.csv
.\photos\relaxed\P4041411.JPG
1,244,152,56,27
2,327,145,54,36
3,280,244,81,32
2
.\data1\39.csv
.\photos\relaxed\photo 1(2).JPG
1,251,201,54,31
2,338,201,54,34
3,279,292,80,31
2
.\data1\40.csv
.\photos\relaxed\photo 1(3).JPG
1,239,202,65,25
2,349,196,57,32
3,283,306,99,41
2
.\data1\41.csv
.\photos\relaxed\photo 1(4).JPG
1,247,180,70,39
2,354,177,65,39
3,283,308,108,39
2
.\data1\42.csv
.\photos\relaxed\photo 1(6).JPG
1,220,205,67,36
2,337,196,60,38
3,263,328,101,37
2
.\data1\43.csv
.\photos\relaxed\photo 2.JPG
1,207,164,62,26
2,305,157,63,39
3,244,270,89,41
2
.\data1\44.csv
.\photos\relaxed\photo 3(5).JPG
1,246,189,65,31
2,348,189,64,35
3,278,300,96,50
2
.\data1\45.csv
.\photos\relaxed\photo 3(7).JPG
1,225,175,78,42
2,340,170,75,53
3,256,297,128,41
2
.\data1\46.csv
.\photos\relaxed\photo_artem1.JPG
1,253,146,50,19
2,326,143,49,25
3,281,221,72,22
2
.\data1\47.csv
.\photos\relaxed\photo_ian1.JPG
1,217,181,68,33
2,324,183,61,39
3,254,282,96,39
2
.\data1\48.csv
.\photos\relaxed\photo_mike1.JPG
1,221,181,67,28
2,326,175,70,37
3,255,289,102,50
2
.\data1\49.csv
.\photos\sad\P3301330.JPG
1,201,190,84,47
2,317,182,90,45
3,246,337,123,48
0
.\data1\50.csv
.\photos\sad\P3301335.JPG
1,199,189,61,30
2,304,165,61,40
3,250,293,101,34
0
.\data1\51.csv
.\photos\sad\P3301345.JPG
1,242,155,63,28
2,332,151,58,27
3,278,248,83,30
0
.\data1\52.csv
.\photos\sad\P3301357.JPG
1,251,143,63,26
2,352,145,62,31
3,282,234,97,41
0
.\data1\53.csv
.\photos\sad\P3301360.JPG
1,224,156,70,42
2,324,156,70,43
3,272,267,79,40
0
.\data1\54.csv
.\photos\sad\P4041373.JPG
1,207,184,51,26
2,298,168,68,34
3,241,274,116,46
0
.\data1\55.csv
.\photos\sad\P4041376.JPG
1,230,168,78,34
2,332,154,71,41
3,273,271,105,41
0
.\data1\56.csv
.\photos\sad\P4041380.JPG
1,240,122,77,39
2,353,114,70,43
3,283,242,104,45
0
.\data1\57.csv
.\photos\sad\P4041385.JPG
1,217,127,74,36
2,327,113,70,32
3,263,220,109,39
0
.\data1\58.csv
.\photos\sad\P4041402.JPG
1,236,178,78,46
2,346,185,60,39
3,265,292,98,52
0
.\data1\59.csv
.\photos\sad\P4041406.JPG
1,254,149,54,28
2,336,147,53,33
3,277,244,93,34
0
.\data1\60.csv
.\photos\sad\P4041410.JPG
1,242,147,53,28
2,320,153,59,26
3,260,238,90,44
0
.\data1\61.csv
.\photos\sad\photo 3(2).JPG
1,271,194,56,34
2,357,201,59,36
3,283,288,105,45
0
.\data1\62.csv
.\photos\sad\photo 3(3).JPG
1,246,170,70,32
2,349,172,65,35
3,277,254,111,54
0
.\data1\63.csv
.\photos\sad\photo 3(4).JPG
1,248,179,71,30
2,353,173,69,43
3,274,290,134,43
0
.\data1\64.csv
.\photos\sad\photo 3.JPG
1,213,169,67,41
2,310,161,71,44
3,262,283,91,34
0
.\data1\65.csv
.\photos\sad\photo 4(6).JPG
1,220,192,78,35
2,333,168,63,37
3,283,300,95,36
0
.\data1\66.csv
.\photos\sad\photo 4(7).JPG
1,224,201,83,29
2,332,193,68,34
3,251,306,133,49
0
.\data1\67.csv
.\photos\sad\photo_artem3.JPG
1,268,115,43,21
2,324,117,46,19
3,281,174,74,29
0
.\data1\68.csv
.\photos\sad\photo_ian4.JPG
1,248,186,60,36
2,336,197,59,34
3,275,279,93,37
0
.\data1\69.csv
.\photos\sad\photo_mike4.JPG
1,233,183,68,22
2,326,175,74,32
3,257,292,115,42
0
.\data1\70.csv
.\photos\smiling\P3301331.JPG
1,184,173,94,44
2,311,163,86,39
3,219,298,162,55
1
.\data1\71.csv

.\photos\smiling\P3301337.JPG
1,213,160,59,32
2,313,158,68,31
3,224,262,132,45
1
.\data1\72.csv
.\photos\smiling\P3301342.JPG
1,236,148,68,27
2,328,142,66,27
3,264,231,102,37
1
.\data1\73.csv
.\photos\smiling\P3301346.JPG
1,205,155,54,20
2,286,141,57,27
3,239,227,90,34
1
.\data1\74.csv
.\photos\smiling\P3301350.JPG
1,235,112,67,36
2,332,118,67,31
3,260,215,100,39
1
.\data1\75.csv
.\photos\smiling\P3301361.JPG
1,230,149,70,39
2,337,152,72,34
3,263,252,117,47
1
.\data1\76.csv
.\photos\smiling\P4041375.JPG
1,227,142,75,31
2,333,130,73,37
3,263,238,123,45
1
.\data1\77.csv
.\photos\smiling\P4041379.JPG
1,246,132,67,27
2,357,123,66,31
3,274,234,123,44
1
.\data1\78.csv
.\photos\smiling\P4041388.JPG
1,236,151,59,35
2,325,151,78,48
3,256,240,123,48
1
.\data1\79.csv
.\photos\smiling\P4041405.JPG
1,256,139,51,30
2,338,134,54,39
3,278,225,92,40
1
.\data1\80.csv
.\photos\smiling\P4041409.JPG
1,243,132,55,26
2,324,127,59,35
3,267,216,93,41
1
.\data1\81.csv
.\photos\smiling\photo 1(5).JPG
1,243,166,75,38
2,360,169,69,38
3,262,291,136,61
1
.\data1\82.csv
.\photos\smiling\photo 1(7).JPG
1,250,192,66,34
2,352,188,68,43
3,266,289,126,51
1
.\data1\83.csv
.\photos\smiling\photo 1.JPG
1,226,174,70,32
2,328,172,67,36
3,244,271,131,57
1
.\data1\84.csv
.\photos\smiling\photo 2(2).JPG
1,263,190,62,29
2,352,191,58,36
3,275,268,111,52
1
.\data1\85.csv
.\photos\smiling\photo 2(3).JPG
1,235,192,67,27
2,341,190,67,30
3,271,286,107,53
1
.\data1\86.csv
.\photos\smiling\photo 2(4).JPG
1,241,184,80,45
2,345,181,75,49
3,270,301,129,57
1
.\data1\87.csv
.\photos\smiling\photo 3(6).JPG
1,241,207,65,30
2,349,196,65,35
3,275,307,106,54
1
.\data1\88.csv
.\photos\smiling\photo_artem2.JPG
1,252,127,53,32
2,325,129,56,31
3,266,197,97,37
1
.\data1\89.csv
.\photos\smiling\photo_ian3.JPG
1,226,177,75,38
2,322,170,59,35
3,255,260,117,35
1
.\data1\90.csv
.\photos\smiling\photo_mike2.JPG
1,226,167,66,33
2,331,155,70,44
3,242,269,139,64
1
.\data1\91.csv
